(kicad_pcb (version 20171130) (host pcbnew "(5.0.0)")

  (general
    (thickness 1.6)
    (drawings 0)
    (tracks 0)
    (zones 0)
    (modules 44)
    (nets 47)
  )

  (page A4)
  (layers
    (0 F.Cu signal)
    (31 B.Cu signal)
    (32 B.Adhes user)
    (33 F.Adhes user)
    (34 B.Paste user)
    (35 F.Paste user)
    (36 B.SilkS user)
    (37 F.SilkS user)
    (38 B.Mask user)
    (39 F.Mask user)
    (40 Dwgs.User user)
    (41 Cmts.User user)
    (42 Eco1.User user)
    (43 Eco2.User user)
    (44 Edge.Cuts user)
    (45 Margin user)
    (46 B.CrtYd user)
    (47 F.CrtYd user)
    (48 B.Fab user)
    (49 F.Fab user)
  )

  (setup
    (last_trace_width 0.25)
    (trace_clearance 0.2)
    (zone_clearance 0.508)
    (zone_45_only no)
    (trace_min 0.2)
    (segment_width 0.2)
    (edge_width 0.1)
    (via_size 0.8)
    (via_drill 0.4)
    (via_min_size 0.4)
    (via_min_drill 0.3)
    (uvia_size 0.3)
    (uvia_drill 0.1)
    (uvias_allowed no)
    (uvia_min_size 0.2)
    (uvia_min_drill 0.1)
    (pcb_text_width 0.3)
    (pcb_text_size 1.5 1.5)
    (mod_edge_width 0.15)
    (mod_text_size 1 1)
    (mod_text_width 0.15)
    (pad_size 1.5 1.5)
    (pad_drill 0.6)
    (pad_to_mask_clearance 0)
    (aux_axis_origin 0 0)
    (visible_elements FFFFFF7F)
    (pcbplotparams
      (layerselection 0x010fc_ffffffff)
      (usegerberextensions false)
      (usegerberattributes false)
      (usegerberadvancedattributes false)
      (creategerberjobfile false)
      (excludeedgelayer true)
      (linewidth 0.100000)
      (plotframeref false)
      (viasonmask false)
      (mode 1)
      (useauxorigin false)
      (hpglpennumber 1)
      (hpglpenspeed 20)
      (hpglpendiameter 15.000000)
      (psnegative false)
      (psa4output false)
      (plotreference true)
      (plotvalue true)
      (plotinvisibletext false)
      (padsonsilk false)
      (subtractmaskfromsilk false)
      (outputformat 1)
      (mirror false)
      (drillshape 1)
      (scaleselection 1)
      (outputdirectory ""))
  )

  (net 0 "")
  (net 1 VDD)
  (net 2 "Net-(BZ1-Pad2)")
  (net 3 "Net-(C1-Pad2)")
  (net 4 GND)
  (net 5 "Net-(D1-Pad2)")
  (net 6 "Net-(D2-Pad2)")
  (net 7 "Net-(D3-Pad2)")
  (net 8 "Net-(Q1-Pad1)")
  (net 9 "Net-(Q1-Pad2)")
  (net 10 "Net-(Q2-Pad2)")
  (net 11 "Net-(Q2-Pad1)")
  (net 12 "Net-(Q3-Pad2)")
  (net 13 "Net-(Q3-Pad1)")
  (net 14 "Net-(Q4-Pad1)")
  (net 15 "Net-(Q5-Pad2)")
  (net 16 "Net-(Q5-Pad1)")
  (net 17 "Net-(R1-Pad1)")
  (net 18 CATH_HOURS_TENS)
  (net 19 "Net-(R3-Pad1)")
  (net 20 "Net-(R4-Pad1)")
  (net 21 "Net-(R5-Pad1)")
  (net 22 "Net-(R10-Pad1)")
  (net 23 BTN_HOUR)
  (net 24 BTN_MINUTE)
  (net 25 BTN_ALARM_ADJUST)
  (net 26 SWT_ALARM)
  (net 27 CATH_HOURS_ONES)
  (net 28 SEGMENT_F)
  (net 29 CATH_MINUTES_TENS)
  (net 30 "Net-(R15-Pad1)")
  (net 31 CATH_MINUTES_ONES)
  (net 32 "Net-(R17-Pad1)")
  (net 33 SEGMENT_B)
  (net 34 SEGMENT_A)
  (net 35 "Net-(R18-Pad1)")
  (net 36 SEGMENT_E)
  (net 37 "Net-(R19-Pad1)")
  (net 38 SEGMENT_G)
  (net 39 "Net-(R20-Pad1)")
  (net 40 SEGMENT_C)
  (net 41 "Net-(R21-Pad1)")
  (net 42 "Net-(R22-Pad1)")
  (net 43 SEGMENT_D)
  (net 44 "Net-(R23-Pad1)")
  (net 45 "Net-(U4-Pad2)")
  (net 46 "Net-(U4-Pad3)")

  (net_class Default "This is the default net class."
    (clearance 0.2)
    (trace_width 0.25)
    (via_dia 0.8)
    (via_drill 0.4)
    (uvia_dia 0.3)
    (uvia_drill 0.1)
    (add_net BTN_ALARM_ADJUST)
    (add_net BTN_HOUR)
    (add_net BTN_MINUTE)
    (add_net CATH_HOURS_ONES)
    (add_net CATH_HOURS_TENS)
    (add_net CATH_MINUTES_ONES)
    (add_net CATH_MINUTES_TENS)
    (add_net GND)
    (add_net "Net-(BZ1-Pad2)")
    (add_net "Net-(C1-Pad2)")
    (add_net "Net-(D1-Pad2)")
    (add_net "Net-(D2-Pad2)")
    (add_net "Net-(D3-Pad2)")
    (add_net "Net-(Q1-Pad1)")
    (add_net "Net-(Q1-Pad2)")
    (add_net "Net-(Q2-Pad1)")
    (add_net "Net-(Q2-Pad2)")
    (add_net "Net-(Q3-Pad1)")
    (add_net "Net-(Q3-Pad2)")
    (add_net "Net-(Q4-Pad1)")
    (add_net "Net-(Q5-Pad1)")
    (add_net "Net-(Q5-Pad2)")
    (add_net "Net-(R1-Pad1)")
    (add_net "Net-(R10-Pad1)")
    (add_net "Net-(R15-Pad1)")
    (add_net "Net-(R17-Pad1)")
    (add_net "Net-(R18-Pad1)")
    (add_net "Net-(R19-Pad1)")
    (add_net "Net-(R20-Pad1)")
    (add_net "Net-(R21-Pad1)")
    (add_net "Net-(R22-Pad1)")
    (add_net "Net-(R23-Pad1)")
    (add_net "Net-(R3-Pad1)")
    (add_net "Net-(R4-Pad1)")
    (add_net "Net-(R5-Pad1)")
    (add_net "Net-(U4-Pad2)")
    (add_net "Net-(U4-Pad3)")
    (add_net SEGMENT_A)
    (add_net SEGMENT_B)
    (add_net SEGMENT_C)
    (add_net SEGMENT_D)
    (add_net SEGMENT_E)
    (add_net SEGMENT_F)
    (add_net SEGMENT_G)
    (add_net SWT_ALARM)
    (add_net VDD)
  )

  (module Buzzer_Beeper:Buzzer_12x9.5RM7.6 (layer F.Cu) (tedit 5A030281) (tstamp 5BD48631)
    (at 190.755001 44.375001)
    (descr "Generic Buzzer, D12mm height 9.5mm with RM7.6mm")
    (tags buzzer)
    (path /5BBFC3D9)
    (fp_text reference BZ1 (at 3.8 -7.2) (layer F.SilkS)
      (effects (font (size 1 1) (thickness 0.15)))
    )
    (fp_text value Buzzer (at 3.8 7.4) (layer F.Fab)
      (effects (font (size 1 1) (thickness 0.15)))
    )
    (fp_text user + (at -0.01 -2.54) (layer F.Fab)
      (effects (font (size 1 1) (thickness 0.15)))
    )
    (fp_text user + (at -0.01 -2.54) (layer F.SilkS)
      (effects (font (size 1 1) (thickness 0.15)))
    )
    (fp_text user %R (at 3.8 -4) (layer F.Fab)
      (effects (font (size 1 1) (thickness 0.15)))
    )
    (fp_circle (center 3.8 0) (end 10.05 0) (layer F.CrtYd) (width 0.05))
    (fp_circle (center 3.8 0) (end 9.8 0) (layer F.Fab) (width 0.1))
    (fp_circle (center 3.8 0) (end 4.8 0) (layer F.Fab) (width 0.1))
    (fp_circle (center 3.8 0) (end 9.9 0) (layer F.SilkS) (width 0.12))
    (pad 1 thru_hole rect (at 0 0) (size 2 2) (drill 1) (layers *.Cu *.Mask)
      (net 1 VDD))
    (pad 2 thru_hole circle (at 7.6 0) (size 2 2) (drill 1) (layers *.Cu *.Mask)
      (net 2 "Net-(BZ1-Pad2)"))
    (model ${KISYS3DMOD}/Buzzer_Beeper.3dshapes/Buzzer_12x9.5RM7.6.wrl
      (at (xyz 0 0 0))
      (scale (xyz 1 1 1))
      (rotate (xyz 0 0 0))
    )
  )

  (module Capacitor_THT:C_Disc_D3.0mm_W1.6mm_P2.50mm (layer F.Cu) (tedit 5AE50EF0) (tstamp 5BD48642)
    (at 138.885001 121.065001)
    (descr "C, Disc series, Radial, pin pitch=2.50mm, , diameter*width=3.0*1.6mm^2, Capacitor, http://www.vishay.com/docs/45233/krseries.pdf")
    (tags "C Disc series Radial pin pitch 2.50mm  diameter 3.0mm width 1.6mm Capacitor")
    (path /5BC571D5)
    (fp_text reference C1 (at 1.25 -2.05) (layer F.SilkS)
      (effects (font (size 1 1) (thickness 0.15)))
    )
    (fp_text value 0.1µF (at 1.25 2.05) (layer F.Fab)
      (effects (font (size 1 1) (thickness 0.15)))
    )
    (fp_line (start -0.25 -0.8) (end -0.25 0.8) (layer F.Fab) (width 0.1))
    (fp_line (start -0.25 0.8) (end 2.75 0.8) (layer F.Fab) (width 0.1))
    (fp_line (start 2.75 0.8) (end 2.75 -0.8) (layer F.Fab) (width 0.1))
    (fp_line (start 2.75 -0.8) (end -0.25 -0.8) (layer F.Fab) (width 0.1))
    (fp_line (start 0.621 -0.92) (end 1.879 -0.92) (layer F.SilkS) (width 0.12))
    (fp_line (start 0.621 0.92) (end 1.879 0.92) (layer F.SilkS) (width 0.12))
    (fp_line (start -1.05 -1.05) (end -1.05 1.05) (layer F.CrtYd) (width 0.05))
    (fp_line (start -1.05 1.05) (end 3.55 1.05) (layer F.CrtYd) (width 0.05))
    (fp_line (start 3.55 1.05) (end 3.55 -1.05) (layer F.CrtYd) (width 0.05))
    (fp_line (start 3.55 -1.05) (end -1.05 -1.05) (layer F.CrtYd) (width 0.05))
    (fp_text user %R (at 1.25 0) (layer F.Fab)
      (effects (font (size 0.6 0.6) (thickness 0.09)))
    )
    (pad 1 thru_hole circle (at 0 0) (size 1.6 1.6) (drill 0.8) (layers *.Cu *.Mask)
      (net 1 VDD))
    (pad 2 thru_hole circle (at 2.5 0) (size 1.6 1.6) (drill 0.8) (layers *.Cu *.Mask)
      (net 3 "Net-(C1-Pad2)"))
    (model ${KISYS3DMOD}/Capacitor_THT.3dshapes/C_Disc_D3.0mm_W1.6mm_P2.50mm.wrl
      (at (xyz 0 0 0))
      (scale (xyz 1 1 1))
      (rotate (xyz 0 0 0))
    )
  )

  (module Capacitor_THT:C_Disc_D3.0mm_W1.6mm_P2.50mm (layer F.Cu) (tedit 5AE50EF0) (tstamp 5BD48653)
    (at 134.235001 121.065001)
    (descr "C, Disc series, Radial, pin pitch=2.50mm, , diameter*width=3.0*1.6mm^2, Capacitor, http://www.vishay.com/docs/45233/krseries.pdf")
    (tags "C Disc series Radial pin pitch 2.50mm  diameter 3.0mm width 1.6mm Capacitor")
    (path /5BC5722B)
    (fp_text reference C2 (at 1.25 -2.05) (layer F.SilkS)
      (effects (font (size 1 1) (thickness 0.15)))
    )
    (fp_text value 0.01µF (at 1.25 2.05) (layer F.Fab)
      (effects (font (size 1 1) (thickness 0.15)))
    )
    (fp_text user %R (at 1.25 0) (layer F.Fab)
      (effects (font (size 0.6 0.6) (thickness 0.09)))
    )
    (fp_line (start 3.55 -1.05) (end -1.05 -1.05) (layer F.CrtYd) (width 0.05))
    (fp_line (start 3.55 1.05) (end 3.55 -1.05) (layer F.CrtYd) (width 0.05))
    (fp_line (start -1.05 1.05) (end 3.55 1.05) (layer F.CrtYd) (width 0.05))
    (fp_line (start -1.05 -1.05) (end -1.05 1.05) (layer F.CrtYd) (width 0.05))
    (fp_line (start 0.621 0.92) (end 1.879 0.92) (layer F.SilkS) (width 0.12))
    (fp_line (start 0.621 -0.92) (end 1.879 -0.92) (layer F.SilkS) (width 0.12))
    (fp_line (start 2.75 -0.8) (end -0.25 -0.8) (layer F.Fab) (width 0.1))
    (fp_line (start 2.75 0.8) (end 2.75 -0.8) (layer F.Fab) (width 0.1))
    (fp_line (start -0.25 0.8) (end 2.75 0.8) (layer F.Fab) (width 0.1))
    (fp_line (start -0.25 -0.8) (end -0.25 0.8) (layer F.Fab) (width 0.1))
    (pad 2 thru_hole circle (at 2.5 0) (size 1.6 1.6) (drill 0.8) (layers *.Cu *.Mask)
      (net 3 "Net-(C1-Pad2)"))
    (pad 1 thru_hole circle (at 0 0) (size 1.6 1.6) (drill 0.8) (layers *.Cu *.Mask)
      (net 1 VDD))
    (model ${KISYS3DMOD}/Capacitor_THT.3dshapes/C_Disc_D3.0mm_W1.6mm_P2.50mm.wrl
      (at (xyz 0 0 0))
      (scale (xyz 1 1 1))
      (rotate (xyz 0 0 0))
    )
  )

  (module LED_THT:LED_D4.0mm (layer F.Cu) (tedit 587A3A7B) (tstamp 5BD48666)
    (at 148.935001 117.975001)
    (descr "LED, diameter 4.0mm, 2 pins, http://www.kingbright.com/attachments/file/psearch/000/00/00/L-43GD(Ver.12B).pdf")
    (tags "LED diameter 4.0mm 2 pins")
    (path /5BCB3ACD)
    (fp_text reference D1 (at 1.27 -3.46) (layer F.SilkS)
      (effects (font (size 1 1) (thickness 0.15)))
    )
    (fp_text value "Red LED" (at 1.27 3.46) (layer F.Fab)
      (effects (font (size 1 1) (thickness 0.15)))
    )
    (fp_arc (start 1.27 0) (end -0.73 -1.32665) (angle 292.9) (layer F.Fab) (width 0.1))
    (fp_arc (start 1.27 0) (end -0.79 -1.398749) (angle 120.1) (layer F.SilkS) (width 0.12))
    (fp_arc (start 1.27 0) (end -0.79 1.398749) (angle -120.1) (layer F.SilkS) (width 0.12))
    (fp_arc (start 1.27 0) (end -0.41333 -1.08) (angle 114.6) (layer F.SilkS) (width 0.12))
    (fp_arc (start 1.27 0) (end -0.41333 1.08) (angle -114.6) (layer F.SilkS) (width 0.12))
    (fp_circle (center 1.27 0) (end 3.27 0) (layer F.Fab) (width 0.1))
    (fp_line (start -0.73 -1.32665) (end -0.73 1.32665) (layer F.Fab) (width 0.1))
    (fp_line (start -0.79 -1.399) (end -0.79 -1.08) (layer F.SilkS) (width 0.12))
    (fp_line (start -0.79 1.08) (end -0.79 1.399) (layer F.SilkS) (width 0.12))
    (fp_line (start -1.45 -2.75) (end -1.45 2.75) (layer F.CrtYd) (width 0.05))
    (fp_line (start -1.45 2.75) (end 4 2.75) (layer F.CrtYd) (width 0.05))
    (fp_line (start 4 2.75) (end 4 -2.75) (layer F.CrtYd) (width 0.05))
    (fp_line (start 4 -2.75) (end -1.45 -2.75) (layer F.CrtYd) (width 0.05))
    (pad 1 thru_hole rect (at 0 0) (size 1.8 1.8) (drill 0.9) (layers *.Cu *.Mask)
      (net 4 GND))
    (pad 2 thru_hole circle (at 2.54 0) (size 1.8 1.8) (drill 0.9) (layers *.Cu *.Mask)
      (net 5 "Net-(D1-Pad2)"))
    (model ${KISYS3DMOD}/LED_THT.3dshapes/LED_D4.0mm.wrl
      (at (xyz 0 0 0))
      (scale (xyz 1 1 1))
      (rotate (xyz 0 0 0))
    )
  )

  (module LED_THT:LED_D4.0mm (layer F.Cu) (tedit 587A3A7B) (tstamp 5BD48679)
    (at 179.905001 86.925001)
    (descr "LED, diameter 4.0mm, 2 pins, http://www.kingbright.com/attachments/file/psearch/000/00/00/L-43GD(Ver.12B).pdf")
    (tags "LED diameter 4.0mm 2 pins")
    (path /5BBF27FD)
    (fp_text reference D2 (at 1.27 -3.46) (layer F.SilkS)
      (effects (font (size 1 1) (thickness 0.15)))
    )
    (fp_text value "Red LED" (at 1.27 3.46) (layer F.Fab)
      (effects (font (size 1 1) (thickness 0.15)))
    )
    (fp_line (start 4 -2.75) (end -1.45 -2.75) (layer F.CrtYd) (width 0.05))
    (fp_line (start 4 2.75) (end 4 -2.75) (layer F.CrtYd) (width 0.05))
    (fp_line (start -1.45 2.75) (end 4 2.75) (layer F.CrtYd) (width 0.05))
    (fp_line (start -1.45 -2.75) (end -1.45 2.75) (layer F.CrtYd) (width 0.05))
    (fp_line (start -0.79 1.08) (end -0.79 1.399) (layer F.SilkS) (width 0.12))
    (fp_line (start -0.79 -1.399) (end -0.79 -1.08) (layer F.SilkS) (width 0.12))
    (fp_line (start -0.73 -1.32665) (end -0.73 1.32665) (layer F.Fab) (width 0.1))
    (fp_circle (center 1.27 0) (end 3.27 0) (layer F.Fab) (width 0.1))
    (fp_arc (start 1.27 0) (end -0.41333 1.08) (angle -114.6) (layer F.SilkS) (width 0.12))
    (fp_arc (start 1.27 0) (end -0.41333 -1.08) (angle 114.6) (layer F.SilkS) (width 0.12))
    (fp_arc (start 1.27 0) (end -0.79 1.398749) (angle -120.1) (layer F.SilkS) (width 0.12))
    (fp_arc (start 1.27 0) (end -0.79 -1.398749) (angle 120.1) (layer F.SilkS) (width 0.12))
    (fp_arc (start 1.27 0) (end -0.73 -1.32665) (angle 292.9) (layer F.Fab) (width 0.1))
    (pad 2 thru_hole circle (at 2.54 0) (size 1.8 1.8) (drill 0.9) (layers *.Cu *.Mask)
      (net 6 "Net-(D2-Pad2)"))
    (pad 1 thru_hole rect (at 0 0) (size 1.8 1.8) (drill 0.9) (layers *.Cu *.Mask)
      (net 4 GND))
    (model ${KISYS3DMOD}/LED_THT.3dshapes/LED_D4.0mm.wrl
      (at (xyz 0 0 0))
      (scale (xyz 1 1 1))
      (rotate (xyz 0 0 0))
    )
  )

  (module LED_THT:LED_D4.0mm (layer F.Cu) (tedit 587A3A7B) (tstamp 5BD4868C)
    (at 209.295001 56.125001)
    (descr "LED, diameter 4.0mm, 2 pins, http://www.kingbright.com/attachments/file/psearch/000/00/00/L-43GD(Ver.12B).pdf")
    (tags "LED diameter 4.0mm 2 pins")
    (path /5BBF2869)
    (fp_text reference D3 (at 1.27 -3.46) (layer F.SilkS)
      (effects (font (size 1 1) (thickness 0.15)))
    )
    (fp_text value "Red LED" (at 1.27 3.46) (layer F.Fab)
      (effects (font (size 1 1) (thickness 0.15)))
    )
    (fp_arc (start 1.27 0) (end -0.73 -1.32665) (angle 292.9) (layer F.Fab) (width 0.1))
    (fp_arc (start 1.27 0) (end -0.79 -1.398749) (angle 120.1) (layer F.SilkS) (width 0.12))
    (fp_arc (start 1.27 0) (end -0.79 1.398749) (angle -120.1) (layer F.SilkS) (width 0.12))
    (fp_arc (start 1.27 0) (end -0.41333 -1.08) (angle 114.6) (layer F.SilkS) (width 0.12))
    (fp_arc (start 1.27 0) (end -0.41333 1.08) (angle -114.6) (layer F.SilkS) (width 0.12))
    (fp_circle (center 1.27 0) (end 3.27 0) (layer F.Fab) (width 0.1))
    (fp_line (start -0.73 -1.32665) (end -0.73 1.32665) (layer F.Fab) (width 0.1))
    (fp_line (start -0.79 -1.399) (end -0.79 -1.08) (layer F.SilkS) (width 0.12))
    (fp_line (start -0.79 1.08) (end -0.79 1.399) (layer F.SilkS) (width 0.12))
    (fp_line (start -1.45 -2.75) (end -1.45 2.75) (layer F.CrtYd) (width 0.05))
    (fp_line (start -1.45 2.75) (end 4 2.75) (layer F.CrtYd) (width 0.05))
    (fp_line (start 4 2.75) (end 4 -2.75) (layer F.CrtYd) (width 0.05))
    (fp_line (start 4 -2.75) (end -1.45 -2.75) (layer F.CrtYd) (width 0.05))
    (pad 1 thru_hole rect (at 0 0) (size 1.8 1.8) (drill 0.9) (layers *.Cu *.Mask)
      (net 4 GND))
    (pad 2 thru_hole circle (at 2.54 0) (size 1.8 1.8) (drill 0.9) (layers *.Cu *.Mask)
      (net 7 "Net-(D3-Pad2)"))
    (model ${KISYS3DMOD}/LED_THT.3dshapes/LED_D4.0mm.wrl
      (at (xyz 0 0 0))
      (scale (xyz 1 1 1))
      (rotate (xyz 0 0 0))
    )
  )

  (module Package_TO_SOT_THT:TO-92_Inline_Wide (layer F.Cu) (tedit 5A02FF81) (tstamp 5BD486A0)
    (at 200.465001 63.945001)
    (descr "TO-92 leads in-line, wide, drill 0.75mm (see NXP sot054_po.pdf)")
    (tags "to-92 sc-43 sc-43a sot54 PA33 transistor")
    (path /5BC68F53)
    (fp_text reference Q1 (at 2.54 -3.56) (layer F.SilkS)
      (effects (font (size 1 1) (thickness 0.15)))
    )
    (fp_text value Q_NPN_BCE (at 2.54 2.79) (layer F.Fab)
      (effects (font (size 1 1) (thickness 0.15)))
    )
    (fp_arc (start 2.54 0) (end 4.34 1.85) (angle -20) (layer F.SilkS) (width 0.12))
    (fp_arc (start 2.54 0) (end 2.54 -2.48) (angle -135) (layer F.Fab) (width 0.1))
    (fp_arc (start 2.54 0) (end 2.54 -2.48) (angle 135) (layer F.Fab) (width 0.1))
    (fp_arc (start 2.54 0) (end 2.54 -2.6) (angle 65) (layer F.SilkS) (width 0.12))
    (fp_arc (start 2.54 0) (end 2.54 -2.6) (angle -65) (layer F.SilkS) (width 0.12))
    (fp_arc (start 2.54 0) (end 0.74 1.85) (angle 20) (layer F.SilkS) (width 0.12))
    (fp_line (start 6.09 2.01) (end -1.01 2.01) (layer F.CrtYd) (width 0.05))
    (fp_line (start 6.09 2.01) (end 6.09 -2.73) (layer F.CrtYd) (width 0.05))
    (fp_line (start -1.01 -2.73) (end -1.01 2.01) (layer F.CrtYd) (width 0.05))
    (fp_line (start -1.01 -2.73) (end 6.09 -2.73) (layer F.CrtYd) (width 0.05))
    (fp_line (start 0.8 1.75) (end 4.3 1.75) (layer F.Fab) (width 0.1))
    (fp_line (start 0.74 1.85) (end 4.34 1.85) (layer F.SilkS) (width 0.12))
    (fp_text user %R (at 2.54 -3.56) (layer F.Fab)
      (effects (font (size 1 1) (thickness 0.15)))
    )
    (pad 1 thru_hole rect (at 0 0 90) (size 1.5 1.5) (drill 0.8) (layers *.Cu *.Mask)
      (net 8 "Net-(Q1-Pad1)"))
    (pad 3 thru_hole circle (at 5.08 0 90) (size 1.5 1.5) (drill 0.8) (layers *.Cu *.Mask)
      (net 4 GND))
    (pad 2 thru_hole circle (at 2.54 0 90) (size 1.5 1.5) (drill 0.8) (layers *.Cu *.Mask)
      (net 9 "Net-(Q1-Pad2)"))
    (model ${KISYS3DMOD}/Package_TO_SOT_THT.3dshapes/TO-92_Inline_Wide.wrl
      (at (xyz 0 0 0))
      (scale (xyz 1 1 1))
      (rotate (xyz 0 0 0))
    )
  )

  (module Package_TO_SOT_THT:TO-92_Inline_Wide (layer F.Cu) (tedit 5A02FF81) (tstamp 5BD486B4)
    (at 200.465001 59.155001)
    (descr "TO-92 leads in-line, wide, drill 0.75mm (see NXP sot054_po.pdf)")
    (tags "to-92 sc-43 sc-43a sot54 PA33 transistor")
    (path /5BC68FB7)
    (fp_text reference Q2 (at 2.54 -3.56) (layer F.SilkS)
      (effects (font (size 1 1) (thickness 0.15)))
    )
    (fp_text value Q_NPN_BCE (at 2.54 2.79) (layer F.Fab)
      (effects (font (size 1 1) (thickness 0.15)))
    )
    (fp_text user %R (at 2.54 -3.56) (layer F.Fab)
      (effects (font (size 1 1) (thickness 0.15)))
    )
    (fp_line (start 0.74 1.85) (end 4.34 1.85) (layer F.SilkS) (width 0.12))
    (fp_line (start 0.8 1.75) (end 4.3 1.75) (layer F.Fab) (width 0.1))
    (fp_line (start -1.01 -2.73) (end 6.09 -2.73) (layer F.CrtYd) (width 0.05))
    (fp_line (start -1.01 -2.73) (end -1.01 2.01) (layer F.CrtYd) (width 0.05))
    (fp_line (start 6.09 2.01) (end 6.09 -2.73) (layer F.CrtYd) (width 0.05))
    (fp_line (start 6.09 2.01) (end -1.01 2.01) (layer F.CrtYd) (width 0.05))
    (fp_arc (start 2.54 0) (end 0.74 1.85) (angle 20) (layer F.SilkS) (width 0.12))
    (fp_arc (start 2.54 0) (end 2.54 -2.6) (angle -65) (layer F.SilkS) (width 0.12))
    (fp_arc (start 2.54 0) (end 2.54 -2.6) (angle 65) (layer F.SilkS) (width 0.12))
    (fp_arc (start 2.54 0) (end 2.54 -2.48) (angle 135) (layer F.Fab) (width 0.1))
    (fp_arc (start 2.54 0) (end 2.54 -2.48) (angle -135) (layer F.Fab) (width 0.1))
    (fp_arc (start 2.54 0) (end 4.34 1.85) (angle -20) (layer F.SilkS) (width 0.12))
    (pad 2 thru_hole circle (at 2.54 0 90) (size 1.5 1.5) (drill 0.8) (layers *.Cu *.Mask)
      (net 10 "Net-(Q2-Pad2)"))
    (pad 3 thru_hole circle (at 5.08 0 90) (size 1.5 1.5) (drill 0.8) (layers *.Cu *.Mask)
      (net 4 GND))
    (pad 1 thru_hole rect (at 0 0 90) (size 1.5 1.5) (drill 0.8) (layers *.Cu *.Mask)
      (net 11 "Net-(Q2-Pad1)"))
    (model ${KISYS3DMOD}/Package_TO_SOT_THT.3dshapes/TO-92_Inline_Wide.wrl
      (at (xyz 0 0 0))
      (scale (xyz 1 1 1))
      (rotate (xyz 0 0 0))
    )
  )

  (module Package_TO_SOT_THT:TO-92_Inline_Wide (layer F.Cu) (tedit 5A02FF81) (tstamp 5BD486C8)
    (at 141.345001 117.955001)
    (descr "TO-92 leads in-line, wide, drill 0.75mm (see NXP sot054_po.pdf)")
    (tags "to-92 sc-43 sc-43a sot54 PA33 transistor")
    (path /5BC69015)
    (fp_text reference Q3 (at 2.54 -3.56) (layer F.SilkS)
      (effects (font (size 1 1) (thickness 0.15)))
    )
    (fp_text value Q_NPN_BCE (at 2.54 2.79) (layer F.Fab)
      (effects (font (size 1 1) (thickness 0.15)))
    )
    (fp_text user %R (at 2.54 -3.56) (layer F.Fab)
      (effects (font (size 1 1) (thickness 0.15)))
    )
    (fp_line (start 0.74 1.85) (end 4.34 1.85) (layer F.SilkS) (width 0.12))
    (fp_line (start 0.8 1.75) (end 4.3 1.75) (layer F.Fab) (width 0.1))
    (fp_line (start -1.01 -2.73) (end 6.09 -2.73) (layer F.CrtYd) (width 0.05))
    (fp_line (start -1.01 -2.73) (end -1.01 2.01) (layer F.CrtYd) (width 0.05))
    (fp_line (start 6.09 2.01) (end 6.09 -2.73) (layer F.CrtYd) (width 0.05))
    (fp_line (start 6.09 2.01) (end -1.01 2.01) (layer F.CrtYd) (width 0.05))
    (fp_arc (start 2.54 0) (end 0.74 1.85) (angle 20) (layer F.SilkS) (width 0.12))
    (fp_arc (start 2.54 0) (end 2.54 -2.6) (angle -65) (layer F.SilkS) (width 0.12))
    (fp_arc (start 2.54 0) (end 2.54 -2.6) (angle 65) (layer F.SilkS) (width 0.12))
    (fp_arc (start 2.54 0) (end 2.54 -2.48) (angle 135) (layer F.Fab) (width 0.1))
    (fp_arc (start 2.54 0) (end 2.54 -2.48) (angle -135) (layer F.Fab) (width 0.1))
    (fp_arc (start 2.54 0) (end 4.34 1.85) (angle -20) (layer F.SilkS) (width 0.12))
    (pad 2 thru_hole circle (at 2.54 0 90) (size 1.5 1.5) (drill 0.8) (layers *.Cu *.Mask)
      (net 12 "Net-(Q3-Pad2)"))
    (pad 3 thru_hole circle (at 5.08 0 90) (size 1.5 1.5) (drill 0.8) (layers *.Cu *.Mask)
      (net 4 GND))
    (pad 1 thru_hole rect (at 0 0 90) (size 1.5 1.5) (drill 0.8) (layers *.Cu *.Mask)
      (net 13 "Net-(Q3-Pad1)"))
    (model ${KISYS3DMOD}/Package_TO_SOT_THT.3dshapes/TO-92_Inline_Wide.wrl
      (at (xyz 0 0 0))
      (scale (xyz 1 1 1))
      (rotate (xyz 0 0 0))
    )
  )

  (module Package_TO_SOT_THT:TO-92_Inline_Wide (layer F.Cu) (tedit 5A02FF81) (tstamp 5BD486DC)
    (at 189.235001 76.305001)
    (descr "TO-92 leads in-line, wide, drill 0.75mm (see NXP sot054_po.pdf)")
    (tags "to-92 sc-43 sc-43a sot54 PA33 transistor")
    (path /5BCA4279)
    (fp_text reference Q4 (at 2.54 -3.56) (layer F.SilkS)
      (effects (font (size 1 1) (thickness 0.15)))
    )
    (fp_text value Q_NPN_BCE (at 2.54 2.79) (layer F.Fab)
      (effects (font (size 1 1) (thickness 0.15)))
    )
    (fp_arc (start 2.54 0) (end 4.34 1.85) (angle -20) (layer F.SilkS) (width 0.12))
    (fp_arc (start 2.54 0) (end 2.54 -2.48) (angle -135) (layer F.Fab) (width 0.1))
    (fp_arc (start 2.54 0) (end 2.54 -2.48) (angle 135) (layer F.Fab) (width 0.1))
    (fp_arc (start 2.54 0) (end 2.54 -2.6) (angle 65) (layer F.SilkS) (width 0.12))
    (fp_arc (start 2.54 0) (end 2.54 -2.6) (angle -65) (layer F.SilkS) (width 0.12))
    (fp_arc (start 2.54 0) (end 0.74 1.85) (angle 20) (layer F.SilkS) (width 0.12))
    (fp_line (start 6.09 2.01) (end -1.01 2.01) (layer F.CrtYd) (width 0.05))
    (fp_line (start 6.09 2.01) (end 6.09 -2.73) (layer F.CrtYd) (width 0.05))
    (fp_line (start -1.01 -2.73) (end -1.01 2.01) (layer F.CrtYd) (width 0.05))
    (fp_line (start -1.01 -2.73) (end 6.09 -2.73) (layer F.CrtYd) (width 0.05))
    (fp_line (start 0.8 1.75) (end 4.3 1.75) (layer F.Fab) (width 0.1))
    (fp_line (start 0.74 1.85) (end 4.34 1.85) (layer F.SilkS) (width 0.12))
    (fp_text user %R (at 2.54 -3.56) (layer F.Fab)
      (effects (font (size 1 1) (thickness 0.15)))
    )
    (pad 1 thru_hole rect (at 0 0 90) (size 1.5 1.5) (drill 0.8) (layers *.Cu *.Mask)
      (net 14 "Net-(Q4-Pad1)"))
    (pad 3 thru_hole circle (at 5.08 0 90) (size 1.5 1.5) (drill 0.8) (layers *.Cu *.Mask)
      (net 4 GND))
    (pad 2 thru_hole circle (at 2.54 0 90) (size 1.5 1.5) (drill 0.8) (layers *.Cu *.Mask)
      (net 2 "Net-(BZ1-Pad2)"))
    (model ${KISYS3DMOD}/Package_TO_SOT_THT.3dshapes/TO-92_Inline_Wide.wrl
      (at (xyz 0 0 0))
      (scale (xyz 1 1 1))
      (rotate (xyz 0 0 0))
    )
  )

  (module Package_TO_SOT_THT:TO-92_Inline_Wide (layer F.Cu) (tedit 5A02FF81) (tstamp 5BD486F0)
    (at 134.195001 117.955001)
    (descr "TO-92 leads in-line, wide, drill 0.75mm (see NXP sot054_po.pdf)")
    (tags "to-92 sc-43 sc-43a sot54 PA33 transistor")
    (path /5BC6907D)
    (fp_text reference Q5 (at 2.54 -3.56) (layer F.SilkS)
      (effects (font (size 1 1) (thickness 0.15)))
    )
    (fp_text value Q_NPN_BCE (at 2.54 2.79) (layer F.Fab)
      (effects (font (size 1 1) (thickness 0.15)))
    )
    (fp_text user %R (at 2.54 -3.56) (layer F.Fab)
      (effects (font (size 1 1) (thickness 0.15)))
    )
    (fp_line (start 0.74 1.85) (end 4.34 1.85) (layer F.SilkS) (width 0.12))
    (fp_line (start 0.8 1.75) (end 4.3 1.75) (layer F.Fab) (width 0.1))
    (fp_line (start -1.01 -2.73) (end 6.09 -2.73) (layer F.CrtYd) (width 0.05))
    (fp_line (start -1.01 -2.73) (end -1.01 2.01) (layer F.CrtYd) (width 0.05))
    (fp_line (start 6.09 2.01) (end 6.09 -2.73) (layer F.CrtYd) (width 0.05))
    (fp_line (start 6.09 2.01) (end -1.01 2.01) (layer F.CrtYd) (width 0.05))
    (fp_arc (start 2.54 0) (end 0.74 1.85) (angle 20) (layer F.SilkS) (width 0.12))
    (fp_arc (start 2.54 0) (end 2.54 -2.6) (angle -65) (layer F.SilkS) (width 0.12))
    (fp_arc (start 2.54 0) (end 2.54 -2.6) (angle 65) (layer F.SilkS) (width 0.12))
    (fp_arc (start 2.54 0) (end 2.54 -2.48) (angle 135) (layer F.Fab) (width 0.1))
    (fp_arc (start 2.54 0) (end 2.54 -2.48) (angle -135) (layer F.Fab) (width 0.1))
    (fp_arc (start 2.54 0) (end 4.34 1.85) (angle -20) (layer F.SilkS) (width 0.12))
    (pad 2 thru_hole circle (at 2.54 0 90) (size 1.5 1.5) (drill 0.8) (layers *.Cu *.Mask)
      (net 15 "Net-(Q5-Pad2)"))
    (pad 3 thru_hole circle (at 5.08 0 90) (size 1.5 1.5) (drill 0.8) (layers *.Cu *.Mask)
      (net 4 GND))
    (pad 1 thru_hole rect (at 0 0 90) (size 1.5 1.5) (drill 0.8) (layers *.Cu *.Mask)
      (net 16 "Net-(Q5-Pad1)"))
    (model ${KISYS3DMOD}/Package_TO_SOT_THT.3dshapes/TO-92_Inline_Wide.wrl
      (at (xyz 0 0 0))
      (scale (xyz 1 1 1))
      (rotate (xyz 0 0 0))
    )
  )

  (module Resistor_THT:R_Axial_DIN0207_L6.3mm_D2.5mm_P7.62mm_Horizontal (layer F.Cu) (tedit 5AE5139B) (tstamp 5BD48707)
    (at 75.615001 119.775001)
    (descr "Resistor, Axial_DIN0207 series, Axial, Horizontal, pin pitch=7.62mm, 0.25W = 1/4W, length*diameter=6.3*2.5mm^2, http://cdn-reichelt.de/documents/datenblatt/B400/1_4W%23YAG.pdf")
    (tags "Resistor Axial_DIN0207 series Axial Horizontal pin pitch 7.62mm 0.25W = 1/4W length 6.3mm diameter 2.5mm")
    (path /5BCB2952)
    (fp_text reference R1 (at 3.81 -2.37) (layer F.SilkS)
      (effects (font (size 1 1) (thickness 0.15)))
    )
    (fp_text value 10k (at 3.81 2.37) (layer F.Fab)
      (effects (font (size 1 1) (thickness 0.15)))
    )
    (fp_line (start 0.66 -1.25) (end 0.66 1.25) (layer F.Fab) (width 0.1))
    (fp_line (start 0.66 1.25) (end 6.96 1.25) (layer F.Fab) (width 0.1))
    (fp_line (start 6.96 1.25) (end 6.96 -1.25) (layer F.Fab) (width 0.1))
    (fp_line (start 6.96 -1.25) (end 0.66 -1.25) (layer F.Fab) (width 0.1))
    (fp_line (start 0 0) (end 0.66 0) (layer F.Fab) (width 0.1))
    (fp_line (start 7.62 0) (end 6.96 0) (layer F.Fab) (width 0.1))
    (fp_line (start 0.54 -1.04) (end 0.54 -1.37) (layer F.SilkS) (width 0.12))
    (fp_line (start 0.54 -1.37) (end 7.08 -1.37) (layer F.SilkS) (width 0.12))
    (fp_line (start 7.08 -1.37) (end 7.08 -1.04) (layer F.SilkS) (width 0.12))
    (fp_line (start 0.54 1.04) (end 0.54 1.37) (layer F.SilkS) (width 0.12))
    (fp_line (start 0.54 1.37) (end 7.08 1.37) (layer F.SilkS) (width 0.12))
    (fp_line (start 7.08 1.37) (end 7.08 1.04) (layer F.SilkS) (width 0.12))
    (fp_line (start -1.05 -1.5) (end -1.05 1.5) (layer F.CrtYd) (width 0.05))
    (fp_line (start -1.05 1.5) (end 8.67 1.5) (layer F.CrtYd) (width 0.05))
    (fp_line (start 8.67 1.5) (end 8.67 -1.5) (layer F.CrtYd) (width 0.05))
    (fp_line (start 8.67 -1.5) (end -1.05 -1.5) (layer F.CrtYd) (width 0.05))
    (fp_text user %R (at 3.81 0) (layer F.Fab)
      (effects (font (size 1 1) (thickness 0.15)))
    )
    (pad 1 thru_hole circle (at 0 0) (size 1.6 1.6) (drill 0.8) (layers *.Cu *.Mask)
      (net 17 "Net-(R1-Pad1)"))
    (pad 2 thru_hole oval (at 7.62 0) (size 1.6 1.6) (drill 0.8) (layers *.Cu *.Mask)
      (net 4 GND))
    (model ${KISYS3DMOD}/Resistor_THT.3dshapes/R_Axial_DIN0207_L6.3mm_D2.5mm_P7.62mm_Horizontal.wrl
      (at (xyz 0 0 0))
      (scale (xyz 1 1 1))
      (rotate (xyz 0 0 0))
    )
  )

  (module Resistor_THT:R_Axial_DIN0207_L6.3mm_D2.5mm_P7.62mm_Horizontal (layer F.Cu) (tedit 5AE5139B) (tstamp 5BD4871E)
    (at 65.845001 119.775001)
    (descr "Resistor, Axial_DIN0207 series, Axial, Horizontal, pin pitch=7.62mm, 0.25W = 1/4W, length*diameter=6.3*2.5mm^2, http://cdn-reichelt.de/documents/datenblatt/B400/1_4W%23YAG.pdf")
    (tags "Resistor Axial_DIN0207 series Axial Horizontal pin pitch 7.62mm 0.25W = 1/4W length 6.3mm diameter 2.5mm")
    (path /5BC9D610)
    (fp_text reference R2 (at 3.81 -2.37) (layer F.SilkS)
      (effects (font (size 1 1) (thickness 0.15)))
    )
    (fp_text value 10K (at 3.81 2.37) (layer F.Fab)
      (effects (font (size 1 1) (thickness 0.15)))
    )
    (fp_line (start 0.66 -1.25) (end 0.66 1.25) (layer F.Fab) (width 0.1))
    (fp_line (start 0.66 1.25) (end 6.96 1.25) (layer F.Fab) (width 0.1))
    (fp_line (start 6.96 1.25) (end 6.96 -1.25) (layer F.Fab) (width 0.1))
    (fp_line (start 6.96 -1.25) (end 0.66 -1.25) (layer F.Fab) (width 0.1))
    (fp_line (start 0 0) (end 0.66 0) (layer F.Fab) (width 0.1))
    (fp_line (start 7.62 0) (end 6.96 0) (layer F.Fab) (width 0.1))
    (fp_line (start 0.54 -1.04) (end 0.54 -1.37) (layer F.SilkS) (width 0.12))
    (fp_line (start 0.54 -1.37) (end 7.08 -1.37) (layer F.SilkS) (width 0.12))
    (fp_line (start 7.08 -1.37) (end 7.08 -1.04) (layer F.SilkS) (width 0.12))
    (fp_line (start 0.54 1.04) (end 0.54 1.37) (layer F.SilkS) (width 0.12))
    (fp_line (start 0.54 1.37) (end 7.08 1.37) (layer F.SilkS) (width 0.12))
    (fp_line (start 7.08 1.37) (end 7.08 1.04) (layer F.SilkS) (width 0.12))
    (fp_line (start -1.05 -1.5) (end -1.05 1.5) (layer F.CrtYd) (width 0.05))
    (fp_line (start -1.05 1.5) (end 8.67 1.5) (layer F.CrtYd) (width 0.05))
    (fp_line (start 8.67 1.5) (end 8.67 -1.5) (layer F.CrtYd) (width 0.05))
    (fp_line (start 8.67 -1.5) (end -1.05 -1.5) (layer F.CrtYd) (width 0.05))
    (fp_text user %R (at 3.81 0) (layer F.Fab)
      (effects (font (size 1 1) (thickness 0.15)))
    )
    (pad 1 thru_hole circle (at 0 0) (size 1.6 1.6) (drill 0.8) (layers *.Cu *.Mask)
      (net 18 CATH_HOURS_TENS))
    (pad 2 thru_hole oval (at 7.62 0) (size 1.6 1.6) (drill 0.8) (layers *.Cu *.Mask)
      (net 8 "Net-(Q1-Pad1)"))
    (model ${KISYS3DMOD}/Resistor_THT.3dshapes/R_Axial_DIN0207_L6.3mm_D2.5mm_P7.62mm_Horizontal.wrl
      (at (xyz 0 0 0))
      (scale (xyz 1 1 1))
      (rotate (xyz 0 0 0))
    )
  )

  (module Resistor_THT:R_Axial_DIN0207_L6.3mm_D2.5mm_P7.62mm_Horizontal (layer F.Cu) (tedit 5AE5139B) (tstamp 5BD48735)
    (at 65.845001 116.725001)
    (descr "Resistor, Axial_DIN0207 series, Axial, Horizontal, pin pitch=7.62mm, 0.25W = 1/4W, length*diameter=6.3*2.5mm^2, http://cdn-reichelt.de/documents/datenblatt/B400/1_4W%23YAG.pdf")
    (tags "Resistor Axial_DIN0207 series Axial Horizontal pin pitch 7.62mm 0.25W = 1/4W length 6.3mm diameter 2.5mm")
    (path /5BC5A2F2)
    (fp_text reference R3 (at 3.81 -2.37) (layer F.SilkS)
      (effects (font (size 1 1) (thickness 0.15)))
    )
    (fp_text value 10k (at 3.81 2.37) (layer F.Fab)
      (effects (font (size 1 1) (thickness 0.15)))
    )
    (fp_line (start 0.66 -1.25) (end 0.66 1.25) (layer F.Fab) (width 0.1))
    (fp_line (start 0.66 1.25) (end 6.96 1.25) (layer F.Fab) (width 0.1))
    (fp_line (start 6.96 1.25) (end 6.96 -1.25) (layer F.Fab) (width 0.1))
    (fp_line (start 6.96 -1.25) (end 0.66 -1.25) (layer F.Fab) (width 0.1))
    (fp_line (start 0 0) (end 0.66 0) (layer F.Fab) (width 0.1))
    (fp_line (start 7.62 0) (end 6.96 0) (layer F.Fab) (width 0.1))
    (fp_line (start 0.54 -1.04) (end 0.54 -1.37) (layer F.SilkS) (width 0.12))
    (fp_line (start 0.54 -1.37) (end 7.08 -1.37) (layer F.SilkS) (width 0.12))
    (fp_line (start 7.08 -1.37) (end 7.08 -1.04) (layer F.SilkS) (width 0.12))
    (fp_line (start 0.54 1.04) (end 0.54 1.37) (layer F.SilkS) (width 0.12))
    (fp_line (start 0.54 1.37) (end 7.08 1.37) (layer F.SilkS) (width 0.12))
    (fp_line (start 7.08 1.37) (end 7.08 1.04) (layer F.SilkS) (width 0.12))
    (fp_line (start -1.05 -1.5) (end -1.05 1.5) (layer F.CrtYd) (width 0.05))
    (fp_line (start -1.05 1.5) (end 8.67 1.5) (layer F.CrtYd) (width 0.05))
    (fp_line (start 8.67 1.5) (end 8.67 -1.5) (layer F.CrtYd) (width 0.05))
    (fp_line (start 8.67 -1.5) (end -1.05 -1.5) (layer F.CrtYd) (width 0.05))
    (fp_text user %R (at 3.81 0) (layer F.Fab)
      (effects (font (size 1 1) (thickness 0.15)))
    )
    (pad 1 thru_hole circle (at 0 0) (size 1.6 1.6) (drill 0.8) (layers *.Cu *.Mask)
      (net 19 "Net-(R3-Pad1)"))
    (pad 2 thru_hole oval (at 7.62 0) (size 1.6 1.6) (drill 0.8) (layers *.Cu *.Mask)
      (net 4 GND))
    (model ${KISYS3DMOD}/Resistor_THT.3dshapes/R_Axial_DIN0207_L6.3mm_D2.5mm_P7.62mm_Horizontal.wrl
      (at (xyz 0 0 0))
      (scale (xyz 1 1 1))
      (rotate (xyz 0 0 0))
    )
  )

  (module Resistor_THT:R_Axial_DIN0207_L6.3mm_D2.5mm_P7.62mm_Horizontal (layer F.Cu) (tedit 5AE5139B) (tstamp 5BD4874C)
    (at 85.385001 116.725001)
    (descr "Resistor, Axial_DIN0207 series, Axial, Horizontal, pin pitch=7.62mm, 0.25W = 1/4W, length*diameter=6.3*2.5mm^2, http://cdn-reichelt.de/documents/datenblatt/B400/1_4W%23YAG.pdf")
    (tags "Resistor Axial_DIN0207 series Axial Horizontal pin pitch 7.62mm 0.25W = 1/4W length 6.3mm diameter 2.5mm")
    (path /5BC5AA57)
    (fp_text reference R4 (at 3.81 -2.37) (layer F.SilkS)
      (effects (font (size 1 1) (thickness 0.15)))
    )
    (fp_text value 10k (at 3.81 2.37) (layer F.Fab)
      (effects (font (size 1 1) (thickness 0.15)))
    )
    (fp_text user %R (at 3.81 0) (layer F.Fab)
      (effects (font (size 1 1) (thickness 0.15)))
    )
    (fp_line (start 8.67 -1.5) (end -1.05 -1.5) (layer F.CrtYd) (width 0.05))
    (fp_line (start 8.67 1.5) (end 8.67 -1.5) (layer F.CrtYd) (width 0.05))
    (fp_line (start -1.05 1.5) (end 8.67 1.5) (layer F.CrtYd) (width 0.05))
    (fp_line (start -1.05 -1.5) (end -1.05 1.5) (layer F.CrtYd) (width 0.05))
    (fp_line (start 7.08 1.37) (end 7.08 1.04) (layer F.SilkS) (width 0.12))
    (fp_line (start 0.54 1.37) (end 7.08 1.37) (layer F.SilkS) (width 0.12))
    (fp_line (start 0.54 1.04) (end 0.54 1.37) (layer F.SilkS) (width 0.12))
    (fp_line (start 7.08 -1.37) (end 7.08 -1.04) (layer F.SilkS) (width 0.12))
    (fp_line (start 0.54 -1.37) (end 7.08 -1.37) (layer F.SilkS) (width 0.12))
    (fp_line (start 0.54 -1.04) (end 0.54 -1.37) (layer F.SilkS) (width 0.12))
    (fp_line (start 7.62 0) (end 6.96 0) (layer F.Fab) (width 0.1))
    (fp_line (start 0 0) (end 0.66 0) (layer F.Fab) (width 0.1))
    (fp_line (start 6.96 -1.25) (end 0.66 -1.25) (layer F.Fab) (width 0.1))
    (fp_line (start 6.96 1.25) (end 6.96 -1.25) (layer F.Fab) (width 0.1))
    (fp_line (start 0.66 1.25) (end 6.96 1.25) (layer F.Fab) (width 0.1))
    (fp_line (start 0.66 -1.25) (end 0.66 1.25) (layer F.Fab) (width 0.1))
    (pad 2 thru_hole oval (at 7.62 0) (size 1.6 1.6) (drill 0.8) (layers *.Cu *.Mask)
      (net 4 GND))
    (pad 1 thru_hole circle (at 0 0) (size 1.6 1.6) (drill 0.8) (layers *.Cu *.Mask)
      (net 20 "Net-(R4-Pad1)"))
    (model ${KISYS3DMOD}/Resistor_THT.3dshapes/R_Axial_DIN0207_L6.3mm_D2.5mm_P7.62mm_Horizontal.wrl
      (at (xyz 0 0 0))
      (scale (xyz 1 1 1))
      (rotate (xyz 0 0 0))
    )
  )

  (module Resistor_THT:R_Axial_DIN0207_L6.3mm_D2.5mm_P7.62mm_Horizontal (layer F.Cu) (tedit 5AE5139B) (tstamp 5BD48763)
    (at 85.385001 119.775001)
    (descr "Resistor, Axial_DIN0207 series, Axial, Horizontal, pin pitch=7.62mm, 0.25W = 1/4W, length*diameter=6.3*2.5mm^2, http://cdn-reichelt.de/documents/datenblatt/B400/1_4W%23YAG.pdf")
    (tags "Resistor Axial_DIN0207 series Axial Horizontal pin pitch 7.62mm 0.25W = 1/4W length 6.3mm diameter 2.5mm")
    (path /5BC5B66F)
    (fp_text reference R5 (at 3.81 -2.37) (layer F.SilkS)
      (effects (font (size 1 1) (thickness 0.15)))
    )
    (fp_text value 10k (at 3.81 2.37) (layer F.Fab)
      (effects (font (size 1 1) (thickness 0.15)))
    )
    (fp_line (start 0.66 -1.25) (end 0.66 1.25) (layer F.Fab) (width 0.1))
    (fp_line (start 0.66 1.25) (end 6.96 1.25) (layer F.Fab) (width 0.1))
    (fp_line (start 6.96 1.25) (end 6.96 -1.25) (layer F.Fab) (width 0.1))
    (fp_line (start 6.96 -1.25) (end 0.66 -1.25) (layer F.Fab) (width 0.1))
    (fp_line (start 0 0) (end 0.66 0) (layer F.Fab) (width 0.1))
    (fp_line (start 7.62 0) (end 6.96 0) (layer F.Fab) (width 0.1))
    (fp_line (start 0.54 -1.04) (end 0.54 -1.37) (layer F.SilkS) (width 0.12))
    (fp_line (start 0.54 -1.37) (end 7.08 -1.37) (layer F.SilkS) (width 0.12))
    (fp_line (start 7.08 -1.37) (end 7.08 -1.04) (layer F.SilkS) (width 0.12))
    (fp_line (start 0.54 1.04) (end 0.54 1.37) (layer F.SilkS) (width 0.12))
    (fp_line (start 0.54 1.37) (end 7.08 1.37) (layer F.SilkS) (width 0.12))
    (fp_line (start 7.08 1.37) (end 7.08 1.04) (layer F.SilkS) (width 0.12))
    (fp_line (start -1.05 -1.5) (end -1.05 1.5) (layer F.CrtYd) (width 0.05))
    (fp_line (start -1.05 1.5) (end 8.67 1.5) (layer F.CrtYd) (width 0.05))
    (fp_line (start 8.67 1.5) (end 8.67 -1.5) (layer F.CrtYd) (width 0.05))
    (fp_line (start 8.67 -1.5) (end -1.05 -1.5) (layer F.CrtYd) (width 0.05))
    (fp_text user %R (at 3.81 0) (layer F.Fab)
      (effects (font (size 1 1) (thickness 0.15)))
    )
    (pad 1 thru_hole circle (at 0 0) (size 1.6 1.6) (drill 0.8) (layers *.Cu *.Mask)
      (net 21 "Net-(R5-Pad1)"))
    (pad 2 thru_hole oval (at 7.62 0) (size 1.6 1.6) (drill 0.8) (layers *.Cu *.Mask)
      (net 4 GND))
    (model ${KISYS3DMOD}/Resistor_THT.3dshapes/R_Axial_DIN0207_L6.3mm_D2.5mm_P7.62mm_Horizontal.wrl
      (at (xyz 0 0 0))
      (scale (xyz 1 1 1))
      (rotate (xyz 0 0 0))
    )
  )

  (module Resistor_THT:R_Axial_DIN0207_L6.3mm_D2.5mm_P7.62mm_Horizontal (layer F.Cu) (tedit 5AE5139B) (tstamp 5BD4877A)
    (at 201.905001 39.625001)
    (descr "Resistor, Axial_DIN0207 series, Axial, Horizontal, pin pitch=7.62mm, 0.25W = 1/4W, length*diameter=6.3*2.5mm^2, http://cdn-reichelt.de/documents/datenblatt/B400/1_4W%23YAG.pdf")
    (tags "Resistor Axial_DIN0207 series Axial Horizontal pin pitch 7.62mm 0.25W = 1/4W length 6.3mm diameter 2.5mm")
    (path /5BCB3CBB)
    (fp_text reference R6 (at 3.81 -2.37) (layer F.SilkS)
      (effects (font (size 1 1) (thickness 0.15)))
    )
    (fp_text value 160R (at 3.81 2.37) (layer F.Fab)
      (effects (font (size 1 1) (thickness 0.15)))
    )
    (fp_text user %R (at 3.81 0) (layer F.Fab)
      (effects (font (size 1 1) (thickness 0.15)))
    )
    (fp_line (start 8.67 -1.5) (end -1.05 -1.5) (layer F.CrtYd) (width 0.05))
    (fp_line (start 8.67 1.5) (end 8.67 -1.5) (layer F.CrtYd) (width 0.05))
    (fp_line (start -1.05 1.5) (end 8.67 1.5) (layer F.CrtYd) (width 0.05))
    (fp_line (start -1.05 -1.5) (end -1.05 1.5) (layer F.CrtYd) (width 0.05))
    (fp_line (start 7.08 1.37) (end 7.08 1.04) (layer F.SilkS) (width 0.12))
    (fp_line (start 0.54 1.37) (end 7.08 1.37) (layer F.SilkS) (width 0.12))
    (fp_line (start 0.54 1.04) (end 0.54 1.37) (layer F.SilkS) (width 0.12))
    (fp_line (start 7.08 -1.37) (end 7.08 -1.04) (layer F.SilkS) (width 0.12))
    (fp_line (start 0.54 -1.37) (end 7.08 -1.37) (layer F.SilkS) (width 0.12))
    (fp_line (start 0.54 -1.04) (end 0.54 -1.37) (layer F.SilkS) (width 0.12))
